0,1.11.1
1,1.11.2
2,1.12.1
3,1.12.2
4,1.13
5,1.15
6,1.16
7,1.17
8,1.20.1
9,1.20.2
10,1.20.3
11,1.22
12,1.23
13,1.25
14,1.31
15,1.33
16,1.34.1
17,1.34.2
18,1.34.3
19,1.8
20,2.1
21,2.2
22,2.3.1
23,2.3.2
24,2.4
25,2.5
26,3.1
27,3.10
28,3.13
29,3.18.1
30,3.18.2
31,3.2
32,3.20
33,3.24
34,3.25
35,3.27
36,3.28
37,3.3
38,3.31
39,3.32
40,3.4
41,4.1.1
42,4.1.2
43,4.1.3
44,4.1.4
45,4.1.5
46,4.1.6
47,4.2.1
48,4.2.2
49,4.2.3
50,4.3
51,4.4.1
52,4.4.2
53,4.5.1
54,4.5.2
55,5.14
56,5.15.1
57,5.15.2
58,5.15.3
59,5.15.4
60,5.15.5
61,5.15.6
62,5.15.7
63,5.16
64,5.19.1
65,5.19.2
66,5.20
67,5.21
68,5.23.1
69,5.24.1
70,5.3
71,5.31
72,5.32
73,5.4
74,5.5
75,5.6
76,5.7.1
77,5.7.2
78,6.10.1
79,6.10.2
80,6.11
81,6.13
82,6.16
83,6.3.1
84,6.4
85,6.6
86,6.7
87,6.8.1
88,6.9.1
89,6.9.2
90,7.3
91,7.5
92,8
93,8.1.1
94,8.11
95,8.13
96,8.14
97,8.17
98,8.2.1
99,8.2.2
100,8.2.3
101,8.2.4
102,8.2.5
103,8.2.6
104,8.21.1
105,8.22.1
106,8.22.2
107,8.22.3
108,8.23
109,8.24
110,8.3.1
111,8.3.2
112,8.4.1
113,8.4.3
114,8.5.2
115,8.5.4
116,8.6.1
117,8.6.5
118,8.7
119,8.8
120,nan
